"","X116225_at","X64321_at","X5354_at","X1292_at","X8602_at","X164656_at","X64895_at","X55601_at","X9478_at","X83746_at","X51081_at","X221391_at","X51637_at","X118424_at","X708_at","X2193_at","X7257_at","X29079_at","X5001_at","X100507463_at","X6706_at","X55801_at","X58509_at","X9221_at","X9491_at","X84146_at","X84294_at","X4998_at","X6036_at","X79574_at","X144809_at","X29960_at","X55140_at","X270_at","X84991_at","X23398_at","X55671_at","X5476_at","X3735_at","X51747_at","X79094_at","X25980_at","X8409_at","X81556_at","X2993_at","X26509_at","X7553_at","X23172_at","X5469_at","X498_at","X157247_at","X79833_at","X387694_at","X51634_at","X148266_at","X11011_at","X1058_at","X6631_at","X6346_at","X741_at","X400258_at","X9733_at","X3853_at","X6928_at","X29093_at","X28727_at","X1995_at","X54870_at","X4068_at","X333_at","X3576_at","X7323_at","X221302_at","X80308_at","X58493_at","X7562_at","X149998_at","X5536_at","X338_at","X134218_at","X51193_at","X4654_at","X55660_at","X10320_at","X4250_at","X65993_at","X6692_at","X6122_at","X84811_at"
"X116225_at",0.999999999999999,-0.0096264221376188,-0.103329024045205,-0.21629086576591,0.388022053324604,0.157970599830004,0.0240318173133445,-0.255119336084257,0.0669531618075399,0.330467338619926,0.334127589074048,0.125740036216789,0.25991665211392,0.240140403127952,0.224063159834783,0.358666896048617,-0.0809752933314295,0.223271226543494,0.223831717837956,-0.109975180024474,-0.0163383036369117,-0.156390224567473,0.344635864107287,0.422135683047726,0.21079023298438,-0.095201406056326,0.169266207123147,0.383690388409885,-0.00501356691438099,0.0862986895231731,0.0881928996247603,0.282609324997906,0.0781658834982026,0.0219071912511579,0.321107495911599,0.0894462277202719,0.0771520340954479,-0.104829905753313,0.217272399597975,0.0671760148070872,-0.176810972145446,0.267372374643815,0.229901424548434,0.308007691908908,0.0517420069390586,-0.164155535523957,0.208555820613129,0.148226885652078,0.15513779581399,0.210330649619014,0.211901289629324,0.241845507964531,0.0475392806494363,0.0854993113994636,0.0684308085375845,0.176539432628867,0.160977733270852,0.219955881973642,-0.0224246335382016,0.347102086201192,0.00173358379995959,0.20264616999306,0.0450693493084013,-0.0938878586466549,0.228340828387549,0.112233776071312,0.0910551742728189,0.208122935029189,-0.0406465468264599,-0.091471544032497,-0.208556551254644,0.0661377900592594,0.120448050908723,0.44224824294858,0.263296487999972,0.159565021474262,0.0960193001857407,0.425104973858428,0.0171387885772581,-0.0287262707944411,0.291787252307639,0.134600920228409,0.180787407093586,0.07173202746624,0.0859919616115251,0.450207332902458,0.138953305048265,0.138022401625423,0.24762181091158
"X64321_at",-0.0096264221376188,1,-0.100632963220548,-0.0101496394572029,-0.0946149876966385,0.0849170781241194,-0.0576473488826039,0.00641764187138106,-0.0385976788964666,-0.125331836660202,0.0326647838789895,0.0214262491190078,-0.0124109075984429,0.0155098243034311,-0.0994626413498677,-0.069296732022288,-0.00753306475046098,-0.106622259672524,-0.0794092715293302,-0.0963397923140623,0.0385650113256248,-0.0287442964567884,-0.0959199870392492,-0.0159281457296008,-0.0843741707515012,0.00758339710199054,-0.163831619337033,-0.12007425202643,-0.0189638450834727,-0.0587155167347715,-0.0281745123864575,-0.244201648323075,0.0424536481734432,-0.038079347624437,0.0193097429514684,-0.117966526182694,-0.0243537940241152,0.0142985703170287,-0.0903440139840023,-0.0429034077052319,0.0804994056539035,-0.0249610378432039,-0.0722408277780408,-0.0717241956984443,-0.0346929522679035,0.0808139553012117,-0.0156988394108215,0.0187286556136517,-0.0367609338426221,8.33981947451271e-05,-0.120170844070489,0.00610546358358646,0.0256202739565549,-0.074839500759371,0.0921285639127339,-0.0983319557311931,-0.0296821427427149,-0.00658641891017871,0.00640111952139729,-0.00571505098436976,-0.0283136172009852,-0.0649479788894271,0.0176335028266478,0.203356298687076,-0.00987176104455581,0.159713448627425,0.0029482511004441,-0.052213667622935,-0.044782992451363,0.187404479840617,0.119336087848147,-0.0547359614834708,-0.0256011196697342,0.00152748829599279,-0.179768316178541,-0.039533818844791,-0.0190915298665023,-0.037024673135032,-0.0240555940259253,-0.108271866529617,0.0441194529542854,0.0191353848120646,0.0202916771281534,-0.0792889381236781,-0.0426362771504345,-0.0644884292666377,0.154923602951171,-0.0524552452590257,-0.0544398101798426
"X5354_at",-0.103329024045205,-0.100632963220548,1,0.0523541141487539,-0.106028994422801,-0.15003350626579,-0.215776887676516,-0.0340151145771531,-0.0904476439485228,0.13240790370707,0.0252122255691332,-0.0395629326198777,-0.191264869671131,-0.0258624140727802,0.0767749275199752,0.0702597916899281,0.348288716497008,-0.0188373045772648,0.163553244224094,-0.120388544103737,-0.0379941252666884,-0.049138553215075,-0.0628189804948431,-0.17033957659234,-0.139979185325816,-0.112922832503751,-0.085508458306331,-0.0740896636131494,-0.0465039543462473,-0.11252235429841,0.128912875290408,0.145278538918138,0.0218345596441342,-0.051990046387798,-0.369537044111346,-0.200980613103548,-0.227192205405755,0.260099578075345,-0.138117498405682,-0.151288139942563,-0.0833664154455948,0.0954898654285019,-0.0288221886211393,-0.0253410114589541,-0.0425769398065158,0.000922700300775858,-0.0464541142096514,-0.247844406041797,-0.0944063126390536,0.0429843195417867,0.122439447897719,0.164283288632315,-0.00673637287580124,-0.0640424729321472,-0.0360855618586431,-0.114426291203666,0.00980136438883898,0.022973045746753,-0.0685172151760709,-0.0670688009732863,-0.0985102152873802,-0.13195305914187,-0.14555066458733,-0.177435888283673,-0.200823225758316,-0.110045992054462,-0.0735414225622731,-0.0560334915886878,-0.0428975857834252,0.0530886955253095,0.129314316415415,-0.13118125837926,-0.142670818600441,-0.110901642086208,-0.110032232038532,-0.0640530497629188,-0.0381100911213628,-0.0678823295687434,-0.0504078795305846,-0.195658826431289,-0.221270020791862,-0.0660223910210804,-0.163785498343096,-0.12499325158649,-0.0368071811904329,0.016711612483718,-0.253334551520794,-0.0876761882126119,-0.254927971771381
"X1292_at",-0.21629086576591,-0.0101496394572029,0.0523541141487539,0.999999999999999,-0.354133489901531,-0.229825773097677,-0.29562238841532,0.155319611092085,-0.166877139033266,-0.191889758135327,-0.077911078944355,-0.260833343001448,-0.134977079926839,0.0991251291755051,-0.165633331567525,-0.0847144910817448,-0.187716398518428,-0.283534099209583,-0.128371823760872,-0.0733066242185194,-0.109731154969238,-0.080886852641447,-0.0192821679540081,-0.394445822307647,-0.0891990844877104,-0.147035543364117,-0.170334165070738,-0.257263231219085,-0.122960044982586,-0.230423676488987,0.00845973283304613,-0.129395170443716,-0.166529337676128,-0.162426630176119,-0.262043818323336,-0.169866186826613,-0.398747532049971,0.351808168839023,-0.21244783546026,-0.320691962376772,-0.0650152559227499,0.0676851163160711,-0.114840493447561,-0.255459597258512,-0.117015562407497,0.331521112407446,-0.148296798921444,-0.215736691505814,-0.203377622592274,-0.193961101751451,-0.221312424679714,0.0100346902953718,-0.116561994536754,-0.131255234028246,0.136666698871112,-0.0947388554402947,0.00827168894390971,-0.00921749977040133,-0.123770139683557,-0.153742733613138,-0.218131343629546,-0.335515185251079,-0.141919155823969,-0.103597200418116,-0.122535426137026,-0.0300336082513926,-0.113616098420818,-0.0263603535436118,-0.149177578308283,0.248274542490368,0.257703736365259,-0.141331867331984,-0.240158846719755,-0.34465068028353,-0.255099069580393,-0.214744860156324,-0.0517958731641805,-0.123584998982815,-0.119897663312173,-0.161656410447068,-0.181914901583074,0.0105487622498462,-0.30112054053576,-0.291263161953806,-0.106593399634358,-0.23606158532281,-0.352369550714683,-0.27354958104899,-0.165245342331214
"X8602_at",0.388022053324604,-0.0946149876966385,-0.106028994422801,-0.354133489901531,0.999999999999999,0.235974979555988,0.262483787284549,-0.207778505995175,0.115216862465559,0.308851888129711,0.194793816109186,0.289843200564959,0.237042373729888,0.221703333891563,0.405805714650815,0.384270424572786,0.0203413881624919,0.21485730865285,0.197134105813686,0.124813186296467,0.0278633958825446,0.0150845733527761,0.30356588724464,0.537262034622843,0.124702379863205,0.0835667097801756,0.304664573599859,0.504824297328332,0.145675463076633,0.149624437879718,0.0348232842200124,0.176467239188535,0.280093474061794,0.13283912396952,0.341162144392509,0.366046173330314,0.270160890324818,-0.349812247483097,0.410826583987529,0.276758661706375,-0.0101191074157365,0.0385213942757466,0.173813055491794,0.395101211061024,0.163270080907053,-0.367965200138308,0.200623388751039,0.302575345453124,0.248519068084431,0.375860590220865,0.277935954017575,0.22853669584287,0.162556781928239,0.174554181692414,0.0891893015977889,0.253459869609076,0.0667123851263781,0.251756501756014,0.155745617384522,0.255578333330766,0.156563295363822,0.506509721238875,-0.137070416918277,-0.0400281795206946,0.167874782170331,-0.00108336212700219,-0.0330001799020471,0.304253303685154,0.217194392712224,-0.293667121028658,-0.184898142164603,0.329707790944693,0.318653060803828,0.301871133094049,0.241924143245211,0.270703249649518,0.0707158018715134,0.257391204783717,0.118726150391329,0.1026219381551,0.357384712131801,0.102217813632246,0.362265966407938,0.424905322364989,-0.0784536422119697,0.309470394819762,-0.0734065552410754,0.414585199829926,0.434036338940945
"X164656_at",0.157970599830004,0.0849170781241194,-0.15003350626579,-0.229825773097677,0.235974979555988,1,0.0281443067105536,-0.188156070357494,0.154490346889599,0.123375339872379,0.0955264378024365,0.291611109615327,0.121084097287496,0.00499190135076099,0.0919977231807776,-0.00200024535562604,-0.117061099655097,0.087452873172235,0.0514267347909852,0.0529779341639017,0.214644277878347,0.106751210958716,0.134735084759597,0.164959671104868,0.0766672116634294,-0.134802128272155,-0.0535292728783933,0.134341825587189,0.0944141904674412,0.130448769644623,0.0208113737557109,-0.010062205260359,0.0799187129869314,0.131468896104034,0.180684796001691,0.028540363691464,0.0332959639978695,-0.106442274390008,0.115754649238844,0.0385228781977414,-0.0320529047952901,0.060287381909465,0.0857402418937346,0.0815670966241216,0.0263533262190103,-0.143230033332001,-0.00936888701159054,0.060971109461505,0.0896483385910002,0.114237330265963,0.116565317427752,0.0686998563575439,0.174999261131439,-0.0170417080655214,-0.0575567796072428,0.0395542835765557,-0.0191647428611082,0.0526282727785179,0.169825351948241,0.0381099339407108,0.426755210536583,0.155677783252269,0.0518943764786116,0.212777905635272,0.103391732087625,0.419415687757226,0.0626352422613301,-0.0263100746103089,0.164052136243981,-0.112456400245422,-0.0392754814057085,-0.00231104713007398,0.0734508179658541,0.152891739842597,0.0672828950368217,-0.0372994425670625,-0.0177206056790387,0.0697320856399181,0.273108171995092,-0.0526169156687366,0.0312944182821793,0.201997095440896,0.183473878373298,0.239314966452831,0.0618731223167814,0.146688847639946,0.0600891431037049,0.114477225985646,0.0639151728195331
"X64895_at",0.0240318173133445,-0.0576473488826039,-0.215776887676516,-0.29562238841532,0.262483787284549,0.0281443067105536,0.999999999999999,-0.204604096278147,0.07749388832211,0.187009487670866,-0.0541223031306643,0.173150233310297,0.0578781651343403,0.0263748827330301,0.18801801491808,0.195752883820349,0.189577331805571,0.284214198549606,0.0289189995576392,0.235604531512466,0.0182512731058061,0.147727527945017,0.172397989470013,0.282683582472062,-0.0701569306845931,0.502424261837134,0.365368239747098,0.335894269978938,0.150352801380813,-0.00692015730747427,0.0119354035572828,-0.00283147418299082,0.288867922810591,0.217840230179809,0.245417249342347,0.288617498613634,0.486291526095467,-0.447495487054333,0.150908431842575,0.419491277632256,0.139947807516398,-0.108566735621947,0.0701938874129964,0.280214829915614,0.121143664377824,-0.515830158295356,0.141902094505399,0.305632310265458,0.306367101997704,0.223924058414014,0.253905806400697,0.00242190288283446,0.088146227800535,0.205061595040836,0.0900428476943891,0.347358599381276,0.110126360562344,0.131328571339003,0.199367359361045,-0.0947654808280008,0.0828565604404984,0.432312798225508,-0.0594761882120464,-0.11219993022135,0.0251758339329774,-0.110778971136614,0.0846261012133451,0.372228912659931,0.323000138825841,-0.154654911437996,-0.229540486161242,0.410184471055159,0.334015245465954,0.154808161228584,0.37079412650233,0.414195211215698,0.0403428850996944,0.0758350619504346,-0.0277797640851023,0.149641701456786,0.271868539488432,0.0740530562526114,0.346988120509751,0.559492415777542,-0.120000506562109,0.040820417767771,-0.0764630332118234,0.464480390027395,0.329497925670584
"X55601_at",-0.255119336084257,0.00641764187138106,-0.0340151145771531,0.155319611092085,-0.207778505995175,-0.188156070357494,-0.204604096278147,1,-0.0954653850908849,-0.323906014614357,-0.247767401370974,-0.161584952709137,-0.0712075958221673,-0.214160202862291,-0.30161601000706,-0.21476001823375,-0.0838439917863811,-0.235750095528487,-0.205546600725912,0.316083258629696,-0.00220785977590232,0.0135119170694522,-0.245633635142734,-0.277791036657152,-0.0314890141449148,-0.0475556636847988,-0.121965617082113,-0.256475229825043,0.00447147256584911,-0.0535733940566338,-0.0220149669977832,-0.174438525365027,-0.191953761925092,-0.217967039152043,-0.205627245166338,-0.058531694061012,-0.16236507397575,0.200141056604942,-0.0524205549224606,-0.179093028022177,0.0412519715857864,-0.0980610830583549,-0.134492090291405,-0.128460892323817,0.0202142793390705,0.454514967573717,-0.0464448456591488,-0.0482991266552692,-0.164058594429606,-0.359858215215613,-0.351141232199466,-0.219517654518718,-0.0823967746777997,-0.0481538461820752,-0.17447557001144,-0.200825670572718,-0.0859459774663278,-0.255334509478179,0.00902698461769478,-0.0371288036527646,-0.146200857909655,-0.30630572658291,0.23897645936999,0.0684786746643129,-0.0604240870330325,-0.0397596472442885,-0.27271543067201,-0.23775099535284,0.0269587130090532,-0.173751731935079,0.329041343662492,-0.00179164645453356,-0.209192283976015,-0.32588081657052,-0.217417635949691,-0.270841142213718,-0.0635429549018432,-0.303661695259793,-0.183735672947743,0.0252138578874653,-0.161149687547877,-0.12116876514061,-0.114133021486472,-0.169080822220621,-0.0840086644570315,-0.302978905447305,0.199149907029482,-0.263734445973144,-0.15210901685647
"X9478_at",0.0669531618075399,-0.0385976788964666,-0.0904476439485228,-0.166877139033266,0.115216862465559,0.154490346889599,0.07749388832211,-0.0954653850908849,1,0.0836089606154421,-0.00142740311106848,0.148421447928774,0.0534914535721413,-0.0138219926448277,0.121277354702017,0.0324461335104627,-0.0325564331892688,0.151227012541287,0.0572183373860681,-0.0351015683675201,0.0824500829571573,0.0424976913279818,0.0899736234705669,0.142267049394234,0.00490832315424761,0.0461731294637793,0.00478197574511362,0.0753404117204726,0.00753525663642303,0.122844771991015,-0.0131053144880951,0.019601267059196,0.0197367601633964,0.00650211554065468,0.131999904424705,0.0597561002274259,0.113365694810878,-0.127460252198925,0.042763097959187,0.0573537934868635,-0.0320837646305239,-0.11765208882723,-0.00518649031356675,0.0879493698296067,0.0270743559479084,-0.128611364727173,0.00662240482783034,0.0539721702012766,-0.00257208885571678,0.0696286982510623,0.0541845675940268,0.0348958204857688,0.0543422775276034,-0.00119347328878365,-0.0564728930261421,0.0199259039935842,-0.0258223848287717,-0.0432228309119068,0.0486195175905694,0.0244118692434099,0.212265817450113,0.0946091569772283,0.00698238881481809,0.0256005976173756,-0.0241717154786598,0.15550007909122,0.0412983367439078,0.0211395329808197,0.0520957914310042,0.0205527144724448,-0.102974376606829,0.0361433311666421,0.118555542541327,0.0817113096677479,0.0124374662657258,0.0412522413929191,0.0542697577569722,0.090041818435309,0.0178058267578559,0.00974686375705698,0.0449402562223229,0.0917839269747543,0.136929705324228,0.0620495277943714,-0.00453116480555794,0.101736984109873,0.0194090405390177,0.0948502116509013,0.0269339459466985
"X83746_at",0.330467338619926,-0.125331836660202,0.13240790370707,-0.191889758135327,0.308851888129711,0.123375339872379,0.187009487670866,-0.323906014614357,0.0836089606154421,0.999999999999999,0.160382061493688,0.225817677342158,0.0696620894128741,0.263901011341353,0.253798141902172,0.376295216056185,0.00949732662026825,0.240803795059673,0.338255793940937,0.157985571891724,-0.0126066569791618,0.00230033973889704,0.413273771155775,0.378682459122895,0.102569610797266,0.0235574111143793,0.126836480447422,0.465354167479292,0.0647017691025438,-0.0517001216901219,0.0892464746112524,0.272632660202064,0.258662321081627,0.192198656275839,0.225766204701025,0.155296793815615,0.143564565048099,-0.0932387416021222,0.156590016878423,0.0478651344640787,-0.00899139285595061,0.181588186924188,0.251885453416972,0.339698090792364,0.0262688275246413,-0.406133613860392,0.056231722594499,0.148735710804924,0.172700635877674,0.40190694973157,0.389146018808866,0.188529611309062,0.103851074699324,0.189179003618906,0.0993389094014695,0.159516966612364,0.141875410993307,0.294805499961563,0.0404055728742364,0.149315025532099,3.35018288113214e-05,0.272001107580124,-0.15307955881896,-0.166433605098717,0.156972543457366,0.00987246830920415,0.0250229416426487,0.379420151068855,0.145988624127276,-0.0111526468300955,-0.325365875327477,0.177385110858282,0.213226598060379,0.358370392270282,0.247245075066938,0.278377080461184,0.0776286206485332,0.483522237520414,0.0410922816528534,0.00182439098886574,0.165647322021711,0.0935849624684271,0.0958039320432202,0.369829980869297,0.0512790295847428,0.378092900413277,-0.188463019434447,0.366505139244907,0.18709733928959
"X51081_at",0.334127589074048,0.0326647838789895,0.0252122255691332,-0.077911078944355,0.194793816109186,0.0955264378024365,-0.0541223031306643,-0.247767401370974,-0.00142740311106848,0.160382061493688,1,0.116172117101116,0.198117446475949,0.222428582258499,0.280123375524923,0.160734332496797,-0.0890932393353656,0.0136269996859564,0.142520061517416,-0.283761461740315,-0.00179395326635236,-0.0308675801422889,0.145230337731438,0.364301331428577,0.143794349505233,-0.0971382261859101,0.0689413257907903,0.245031236492928,-0.136754094271563,0.0351348568608501,0.123208360312037,0.214908819210784,-0.0423966207271186,0.00183363220866286,0.124501758078383,0.0511693356708649,0.00850694479878129,0.0524659068809479,0.253172424697038,0.075291800186119,-0.217616479678877,0.185579245701172,-0.0108349518689365,0.178492848953527,0.00282622332230307,-0.00788117939090013,0.0663930738601185,0.15483266276416,0.219281598980131,0.17374069603536,0.0327089244174604,0.470726829209101,-0.0314995820665802,0.0338089079778681,0.0386276901826395,0.288243530194673,0.214161053399688,0.283819592124006,0.0183493827447523,0.342587733897457,-0.0972007116174305,0.129829891530823,0.0129006212093273,0.0656533751398369,0.291008585813999,0.223907211790925,0.0849964150963503,0.0469322498081757,-0.0879113580168647,0.040322856422027,-0.0665234016377745,-0.0336714299610987,-0.0169942935998337,0.279657269201321,0.0846680748231898,-0.0566304599970284,0.00836406861764264,0.316788625514224,0.0799618558157337,-0.125494519833969,0.0692273060419134,0.0583492565915496,0.190980878407955,-0.166235268820932,-0.0379647357307058,0.389884428968961,0.0168948028850805,0.0572940820867477,0.0873484288356069
"X221391_at",0.125740036216789,0.0214262491190078,-0.0395629326198777,-0.260833343001448,0.289843200564959,0.291611109615327,0.173150233310297,-0.161584952709137,0.148421447928774,0.225817677342158,0.116172117101116,1,0.0744523347568332,0.0346316333237976,0.16991750907249,0.0659544664930553,0.0413063211593239,0.175340916643709,0.155271983087874,0.121868361179864,0.205516327237478,0.108000540176593,0.115575465468209,0.246637909681771,0.0381877333757542,0.00770973481841264,0.124458730439966,0.232589221413485,0.0922643468389944,0.0399763013905996,0.206612320790128,0.068928778868761,0.238492376484559,0.262764468189033,0.233477220775426,0.219154730981285,0.116421287570512,-0.214358042151369,0.121558998855221,0.19831418024126,0.00793073502348111,0.0299360349395403,0.0461928264385076,0.190065057250468,0.0799597535630897,-0.307124830732537,0.169961547134206,0.177281612776233,0.190978324504255,0.227335063513065,0.136759249496405,0.0545979041770688,0.179861992139883,0.088975737104894,0.0524425922068029,0.140801212485735,0.0120439730037874,0.147314553633979,0.159723079614995,0.0253589625341679,0.182144414893848,0.235992584660234,-0.0773162521479797,0.0633254783413792,0.100022475650994,0.0477476843872477,0.0500439012697771,0.183442209829311,0.175645531869491,-0.162603397505627,-0.181649980621418,0.167851647129409,0.237869974477124,0.220264544931947,0.132322014651763,0.116223398767599,0.0385265323283532,0.084535063609679,0.0925747429164014,0.0872178369604907,0.186192824335724,0.0801329553550051,0.252469271048167,0.352275814888766,0.0538151476695539,0.171835590180382,-0.0649764697388179,0.250490095717004,0.107060376706427
"X51637_at",0.25991665211392,-0.0124109075984429,-0.191264869671131,-0.134977079926839,0.237042373729888,0.121084097287496,0.0578781651343403,-0.0712075958221673,0.0534914535721413,0.0696620894128741,0.198117446475949,0.0744523347568332,1,0.112845126694588,0.224890529906252,0.132183139425366,-0.133249007054718,0.0824713141965336,0.184961244594382,0.0458160698516671,0.0328192334422236,0.0405824948955824,0.201683575516383,0.198160214209617,0.118769837239853,0.0749336559857011,0.106702085985173,0.236319848777794,-0.0652678150837471,-0.0467419597388792,0.0287139906972635,0.149508611836867,0.0154401014910565,-0.0702758925488691,0.154536885865057,0.133391061034111,0.390223624298147,-0.263568679698067,0.25492481686663,0.0343424522346626,-0.0893588972614529,-0.015701962890751,0.133775105870896,0.191841497605733,-0.00169162051456568,-0.0777668842704163,0.0997652145126905,0.0618676749114458,0.110200280338946,0.124632256855055,-0.00982031811015101,0.207294285634451,0.117098193622534,0.123250071020727,0.13579653457283,0.0846670382423035,0.229502561211137,0.177378651262158,0.0551618427746129,0.184337617215744,0.0658497955197885,0.144704410712667,0.121593292173188,-0.116514169095814,0.180646854316107,0.134591974791126,0.0688326328549132,0.101789842984893,0.155275504235162,-0.038659510352365,-0.0748904689839619,0.148779819583144,0.118627884003289,0.111852288847466,0.237885204046393,0.166455398736149,0.0384876165783261,0.188714871498584,-0.0862675486477022,0.0339346205692724,0.228012864446821,0.0610625671720065,0.114083067416959,0.151426425574368,-0.00863929769720844,0.181279208039684,0.0885903067552688,0.166419230150536,0.209036213098693
"X118424_at",0.240140403127952,0.0155098243034311,-0.0258624140727802,0.0991251291755051,0.221703333891563,0.00499190135076099,0.0263748827330301,-0.214160202862291,-0.0138219926448277,0.263901011341353,0.222428582258499,0.0346316333237976,0.112845126694588,1,0.107239105688412,0.394403985546746,-0.112097528539181,-0.078470951285039,0.135461248654735,-0.0165694829933723,-0.0377279571204633,0.0106137337515041,0.339911458556939,0.277549255489188,0.0883856467207805,0.0558224683271278,0.125317648520714,0.336112514838048,-0.0404698338683605,-0.155030257465267,0.12124608352713,0.105879406889954,0.141661324025777,0.021284552347361,0.151244051212843,0.0862211125560746,0.0494077894091245,-0.0541538913338657,0.183011059407641,-0.0383471250191694,0.0678032188425232,0.195460244635453,0.148551380600812,0.105285683909555,0.126051906665317,-0.233480296515192,0.0879068411260936,0.129022612892243,0.060026568974833,0.205687148017823,0.200699438632399,0.244587562953183,0.0402059995146759,0.16860760930813,0.179828556941784,0.186816242685078,0.167714045652712,0.375323400759346,-0.0412878967689406,0.185744649275166,-0.0323550267586017,0.145093160721369,-0.122047634377362,-0.182651806886602,0.205234754300279,-0.0195199167445446,-0.0400510697855606,0.241685864060622,0.080261905756167,0.0641565929283279,-0.0276011317068017,0.161898185003067,0.0957721158336409,0.183775741020494,0.108550034532064,0.118753023865515,0.0679309044804427,0.412208390084405,0.0320985248123596,-0.0811578128896894,0.151188096681447,0.131162329446602,0.0280872264407211,0.167799897229571,-0.0679795780159357,0.271885976168295,-0.207880618631999,0.184070595824011,0.209302048949644
"X708_at",0.224063159834783,-0.0994626413498677,0.0767749275199752,-0.165633331567525,0.405805714650815,0.0919977231807776,0.18801801491808,-0.30161601000706,0.121277354702017,0.253798141902172,0.280123375524923,0.16991750907249,0.224890529906252,0.107239105688412,1,0.338486046899825,0.120277526013552,0.225834844710373,0.293578738696832,-0.097389066714497,0.062647540166935,0.0151066401115552,0.200821778196693,0.440580265342982,0.107580433533276,0.113890599918442,0.202875784098295,0.429703033968405,0.0161796318427935,0.0820263021354397,0.0368045322946668,0.28778362383217,0.263081974521868,-0.0470262085856056,0.185545591002413,0.184172733095598,0.151402692856438,-0.205396952898951,0.390294114848625,0.0958799267428021,-0.0360396093616758,-0.0118980854127869,0.109311946736747,0.238652744357111,0.0808585019060241,-0.23684987637202,0.0198581872748437,0.0547805712613688,0.106659962571838,0.303149705258898,0.232055703999799,0.347160633504725,0.119521443574863,0.12515538863162,0.167748694274854,0.0409655896830008,0.236440021907795,0.304360346181533,0.138015766879945,0.146400898450558,0.159027843231122,0.335884902990341,-0.0443101913761241,-0.071629368130574,0.241462654935236,-0.0600023227018124,0.0521026883766106,0.180852934610804,0.122160891390789,-0.056498378500719,-0.0512663001859147,0.0936865414474677,0.303254568609351,0.189334325926975,0.222559041247774,0.1480118056781,0.0569768031063496,0.223418846848649,0.093600260690366,0.0621789912736601,0.249665759028752,0.0419301893212126,0.202125866807777,0.153214321702962,-0.17477533060398,0.300132679771266,-0.192452067838568,0.289804227559736,0.194767831125249
"X2193_at",0.358666896048617,-0.069296732022288,0.0702597916899281,-0.0847144910817448,0.384270424572786,-0.00200024535562604,0.195752883820349,-0.21476001823375,0.0324461335104627,0.376295216056185,0.160734332496797,0.0659544664930553,0.132183139425366,0.394403985546746,0.338486046899825,1,0.0614436898271994,0.137946044916563,0.194615376244675,0.130791010158837,-0.07438985271722,-0.0706613142504288,0.463276090339832,0.495916405232165,0.157675713033938,0.050198727060879,0.278689638949103,0.508318698499363,0.207929611761176,-0.0952965785350106,0.0338201837005966,0.268309893879974,0.301050695357823,0.0847460182170909,0.148309452572526,0.0917642073099696,0.166410533932787,-0.132256331968378,0.325609997462943,0.0180992972334887,-0.0262732825673791,0.2095408521216,0.249979220658543,0.343567052697392,0.19501798670363,-0.339736538024875,0.139443226535314,0.229837906063352,0.142331209781757,0.411132212427586,0.300360589297794,0.327185272667205,0.0872966676884046,0.214771681798911,0.17473841437957,0.186647629990972,0.190718535128483,0.429344324821358,0.0288115646607804,0.316737426479071,-0.0929724407320895,0.281367193446034,-0.126667248372478,-0.179032057063865,0.208379101516419,-0.0987278522391064,0.0443284084287147,0.297035518224127,0.134028081181381,-0.043145146354937,-0.0450424075585141,0.239328807991696,0.17324492204962,0.268369989866804,0.161207893566198,0.239819727409643,0.0713708359295729,0.497049790546398,-0.0281261093865122,-0.126475352652895,0.216158522295832,0.015692390248823,0.0926033530598963,0.333928903854599,-0.125745725309767,0.380325532195524,-0.223035272121532,0.391786417156281,0.291016634300844
"X7257_at",-0.0809752933314295,-0.00753306475046098,0.348288716497008,-0.187716398518428,0.0203413881624919,-0.117061099655097,0.189577331805571,-0.0838439917863811,-0.0325564331892688,0.00949732662026825,-0.0890932393353656,0.0413063211593239,-0.133249007054718,-0.112097528539181,0.120277526013552,0.0614436898271994,1,0.150425240863023,0.0686556775761568,0.0358596549551559,-0.018760302082656,0.0777500650193353,-0.104787772185395,-0.0273135810840117,-0.13621126540923,0.262492835332795,0.214037269990157,0.0462308880964496,0.250523756450894,-0.0543403572313709,0.0381427805656015,0.0841799344279262,0.173457978462864,0.0258021875129773,-0.0486358352205638,-0.0290106505661133,0.156376367255388,-0.157307418225142,-0.16844888087129,0.229206554754023,0.0329208414590667,-0.10939398027072,0.0621311678801234,0.0249728963980161,0.0495318995510574,-0.280768342071952,0.08663142464497,0.0303674636701654,0.0388011297569409,0.0746330532916457,0.212907940275076,0.0205518159806337,0.0815195157542651,0.0651739754815019,0.0625052179155139,0.0372828121003901,-0.0480795515751749,0.0225567188558316,-0.00824664357844196,-0.131438102551084,0.0784080975852103,0.0738009426452064,-0.155505778749298,-0.0648264109097403,-0.170282450946968,-0.213937194410439,0.0474255297270797,0.0224623801055362,0.0272730714614765,0.00592509566162026,-0.00311880399047148,0.188674884819249,0.0201694411023143,0.188245912007077,0.0902463611038836,0.208398309998902,0.0158532212414013,-0.121542829482502,-0.0874060893331778,0.0344095981843131,0.069339035651024,-0.107958101436979,0.136285951193398,0.178054453113159,0.00521291726233265,0.0238859304862075,-0.11679084677845,0.0751616170358111,-0.0790632031129178
"X29079_at",0.223271226543494,-0.106622259672524,-0.0188373045772648,-0.283534099209583,0.21485730865285,0.087452873172235,0.284214198549606,-0.235750095528487,0.151227012541287,0.240803795059673,0.0136269996859564,0.175340916643709,0.0824713141965336,-0.078470951285039,0.225834844710373,0.137946044916563,0.150425240863023,1,0.116745106847458,0.103608775662863,-0.0057834298630184,0.0869282724456032,0.0715312835530039,0.211668457385668,0.0574733317203273,0.190030553479831,0.3063436035588,0.261012670137438,0.161527017013656,0.0477844190329758,-0.0134612849993807,0.11262453338971,0.316253007301494,0.0411837508926114,0.353024364242283,0.275714854596617,0.173047899641449,-0.430808226936218,0.13767066154888,0.383249248948655,-0.0683911221771026,0.00618636908595163,0.112605792931739,0.176168115446524,0.032053549413422,-0.373427080325554,0.127696989392189,0.216535219898369,0.225989556693517,0.288932911325059,0.212142772503087,-0.0398476111230898,0.152563120818195,0.0971702491729482,0.0576852070004857,0.219226817016077,0.0678860085048265,0.0872657977612008,0.0290592248671079,-0.140100009000215,0.23756461085148,0.341975768313599,-0.120643196709781,-0.10801205401567,0.0808794178954047,-0.167824993969616,0.188171927059785,0.234263187523149,0.135259396522,-0.125775481575989,-0.341496463030879,0.291284183760398,0.344940831115837,0.110428629249121,0.28762933386165,0.329243573166935,0.0391345582547934,0.085500744066675,-0.0286956398292186,0.202363182786255,0.279591529019488,-0.0423305486836982,0.253631153038716,0.284255207405715,0.0805634574282904,0.0536112985879237,-0.106164612071958,0.297361917601423,0.204358864968439
"X5001_at",0.223831717837956,-0.0794092715293302,0.163553244224094,-0.128371823760872,0.197134105813686,0.0514267347909852,0.0289189995576392,-0.205546600725912,0.0572183373860681,0.338255793940937,0.142520061517416,0.155271983087874,0.184961244594382,0.135461248654735,0.293578738696832,0.194615376244675,0.0686556775761568,0.116745106847458,1,0.00454115480979072,0.00536544601342304,-0.0189339086561965,0.205885908267627,0.314650946215374,0.0325354672609029,-0.056309947573333,0.120486316995094,0.239991503168213,-0.0754844820565004,-0.0150134431291298,0.0305433507401473,0.314578672235882,0.114420176311759,0.0777440780120536,0.0696025056832739,0.103093549733263,0.0118405945833632,-0.07173683062419,0.178315246022582,-0.0354361270129592,-0.0201728689689434,0.0512878636544626,0.194254055847445,0.216869856879034,-0.0548842643475693,-0.120568032732296,0.0719872693382725,0.0681591707513097,0.063537446921585,0.167820431287099,0.429863884049709,0.282902902374961,0.0536531511376532,0.156501146998001,-0.0125290102516657,0.034045666775846,0.132908971770504,0.205170441435947,0.0609958524217067,0.195322920541253,0.00289717237624086,0.104245927925089,-0.0427889703158775,-0.0700905915514569,0.134995564338151,0.0228861208729645,-0.0108284091076475,0.0133238794663438,0.0574090244111885,0.0144087020075032,-0.0899217508225164,-0.0164867101510906,0.172856516631141,0.303520162288338,0.232430589988144,0.0830484079399286,0.0163025318051324,0.179008085622002,-0.0406202167715383,-0.0505824113212785,0.141386803023919,0.106082580065989,0.178342416880352,0.127081669266034,-0.0434245320273119,0.265497889601379,-0.115277505432763,0.0954839865460133,0.0451820613137467
"X100507463_at",-0.109975180024474,-0.0963397923140623,-0.120388544103737,-0.0733066242185194,0.124813186296467,0.0529779341639017,0.235604531512466,0.316083258629696,-0.0351015683675201,0.157985571891724,-0.283761461740315,0.121868361179864,0.0458160698516671,-0.0165694829933723,-0.097389066714497,0.130791010158837,0.0358596549551559,0.103608775662863,0.00454115480979072,1,0.0152226319312588,0.193315562501752,0.102992703955239,-0.0492091090783925,0.0142399392147425,0.0880703518975423,0.12380313626665,0.17630755800681,0.250281404620281,-0.0931004409719771,-0.0302559707814934,0.0167358883043182,0.141425224720744,0.167774762423551,0.0809911734214571,0.223307144372119,0.160203835770233,-0.177156192310921,0.118890284966784,0.0900338076738165,0.0517940061829122,-0.0499418216086322,0.263485680216914,0.134308937633552,0.00584925912081701,-0.194863453626183,-0.0329086562752235,0.0568789851885301,0.0425910505798766,0.0492933817317354,-0.00610761284335581,-0.115277975612893,0.174000800861293,0.200432650343985,0.0476391245953648,0.0859517032899125,0.0741392701897852,0.0764905887156308,0.106781499528717,-0.0499446184863052,0.0783902915308792,0.0570649407890358,-0.0583057343498081,-0.065271739873211,0.0416334910888225,-0.0775006906314708,-0.180068445393695,0.145182408172921,0.244251435453564,-0.314124792316232,-0.0287684704024471,0.271849531778356,0.113167136594116,-0.0334921062960236,0.181870889347959,0.141318495887064,-0.0288079621120678,-0.0669254035429732,-0.136783779724894,0.164552688338917,0.0819831078140844,-0.0731769459344291,0.0536640130115562,0.604844069906526,-0.126849311542086,-0.0370008312613002,-0.0905433994845063,0.212593588419138,0.199684511831546
"X6706_at",-0.0163383036369117,0.0385650113256248,-0.0379941252666884,-0.109731154969238,0.0278633958825446,0.214644277878347,0.0182512731058061,-0.00220785977590232,0.0824500829571573,-0.0126066569791618,-0.00179395326635236,0.205516327237478,0.0328192334422236,-0.0377279571204633,0.062647540166935,-0.07438985271722,-0.018760302082656,-0.0057834298630184,0.00536544601342304,0.0152226319312588,1,0.0281374843894115,0.0204883257659716,0.014486077244836,-0.0173027316648795,-0.0450027859014772,0.00354784774483843,0.000737372354213971,0.0241064440055032,-0.00405191544168395,0.00422688394823637,-0.0276938911164708,0.0181849633142083,0.0251577712407819,0.018984398380853,0.0188107034356365,0.0154387582457854,-0.0488760337609739,-0.0186006821889291,0.0634272402149149,-0.0448769599115327,-0.0791551049007884,-0.0364686373435653,-0.0613626972546795,0.0454702743348425,-0.0506034079858785,0.0789041134771788,0.0260020244354196,0.00327992885069292,-0.0280997403288114,0.0324096443503998,-0.0120520266724572,0.101949426511104,-0.0697899706472269,-0.0249675146125765,0.00731670710888569,-0.0184843205078487,0.00763869375458696,0.0898301002507653,-0.0527632962632013,0.225406360491647,0.0452756857935332,0.240931634176843,0.0364175264385838,-0.0979429647227812,0.161561869111189,-0.0111382142339458,-0.0415272266088378,0.0794052058269572,-0.0937363661745589,0.00204179917561993,0.0328715518054844,0.0651056525851795,-0.0188931666055746,0.0351029355648176,-0.0476014638792119,-0.0483358740960689,-0.0431064375602835,0.0695625754141001,-0.0118299933492719,0.0352351860760738,0.137434446882788,0.0574878658093295,0.099996252443339,0.0240672849949808,-0.0686526803126131,0.0555713177272776,-0.0388296012873109,-0.07477220915999
"X55801_at",-0.156390224567473,-0.0287442964567884,-0.049138553215075,-0.080886852641447,0.0150845733527761,0.106751210958716,0.147727527945017,0.0135119170694522,0.0424976913279818,0.00230033973889704,-0.0308675801422889,0.108000540176593,0.0405824948955824,0.0106137337515041,0.0151066401115552,-0.0706613142504288,0.0777500650193353,0.0869282724456032,-0.0189339086561965,0.193315562501752,0.0281374843894115,0.999999999999999,-0.0445316373187146,-0.0735321768546714,-0.0498897147446697,0.110344947051197,0.0345298755351934,0.0175969485060391,0.0454100418868328,-0.00817682278349727,-0.0102822040271001,-0.10736519559012,0.0888884104694699,0.096882735864371,0.0182489972518515,0.169487007139106,0.123209722413897,-0.143387825336266,0.0182377076212338,0.0738406901134292,0.22724204558585,-0.0773674761286483,0.1354281789903,0.024227266966866,0.028253700896407,-0.111842079464456,0.0198116078413618,0.0073522876556855,0.0534314775952273,0.0497159147470052,-0.00395341936952769,-0.0930330436036579,0.0342595991956755,0.103230355449932,-0.0362889915950983,0.115841621011557,0.0360779678689934,0.0150810541575739,0.162552693703058,-0.0961815446608413,0.148802987743561,0.164343791777985,-0.0621940871509734,-0.0245535568808853,0.0666035133338907,-0.00305295265722694,-0.0279126836940748,0.0710955842902031,0.171307772057671,0.0394340428181348,-0.0508975108385858,0.205402878193446,0.0277803755120482,-0.0595971202397602,0.123846823034644,0.00615638928339531,0.0248285279038343,-0.0631490751591897,-0.0038312950841792,0.0545151642793218,-0.00137589071762386,-0.0134228637821499,0.0901323413411479,0.227479791500121,-0.0201315289095383,-0.035009830831937,-0.101981855805985,0.118740375015064,0.0842127303112212
"X58509_at",0.344635864107287,-0.0959199870392492,-0.0628189804948431,-0.0192821679540081,0.30356588724464,0.134735084759597,0.172397989470013,-0.245633635142734,0.0899736234705669,0.413273771155775,0.145230337731438,0.115575465468209,0.201683575516383,0.339911458556939,0.200821778196693,0.463276090339832,-0.104787772185395,0.0715312835530039,0.205885908267627,0.102992703955239,0.0204883257659716,-0.0445316373187146,1,0.362156312815943,0.167519253968838,0.038699290070944,0.116732260566342,0.394849758157866,0.0727517444946841,-0.0702847162783908,0.0568621003353964,0.222596412129337,0.194872718848399,0.114087375669176,0.245187758906058,0.22316523036521,0.187440646025307,-0.111862083737317,0.205604372964488,0.0216701880870318,-0.0552512737196923,0.225199620628241,0.132448367346037,0.268085833409041,0.081002354862384,-0.254060831493824,0.107609356047244,0.109101701787345,0.143589371221563,0.251685683569065,0.303507874331465,0.160554215764433,0.0724557374802359,0.204382134914794,0.0832385892036095,0.163694976093192,0.142975808714685,0.319889747381461,0.0448575213831566,0.247552476455377,0.0566148732682406,0.34550661524685,-0.0548182866049841,-0.119375002005636,0.159724143975287,0.11489011022498,-0.0134115253293902,0.297218763883717,0.122637064747872,-0.0111318868003866,-0.126229429550528,0.142878503283254,0.117232161629549,0.252397320350082,0.206407811269027,0.189510879840496,0.0815196930726216,0.363783199703739,-0.0221673600540965,-0.091586226351869,0.196211801925742,0.13265289263581,0.151708084180757,0.295210859293958,-0.101960907604128,0.234071971801349,-0.192788793008426,0.223342616385408,0.36915561155035
